start=6716.752000
volume=85.000000
