start=551.301000
volume=115.000000
