start=7569.729000
volume=65.000000
