start=5745.866667
volume=115.000000
