start=7261.853318
volume=75.000000
