start=3075.083000
speed=2.000000
volume=74.000000
aid=1
sid=1
