start=1340.047000
speed=1.500000
pause=yes
volume=115.000000
