start=5232.333333
volume=145.000000
aid=1
