start=555.400000
pause=yes
volume=35.000000
