start=765.056000
volume=92.000000
