start=381.708000
volume=150.000000
