start=31.698000
pause=yes
volume=70.000000
