start=2200.383000
pause=yes
volume=85.000000
