start=262.011633
pause=yes
volume=75.000000
