start=965.792000
pause=yes
volume=150.000000
