start=276.151000
pause=yes
volume=86.000000
