start=4166.866667
pause=yes
volume=150.000000
sub-pos=101
