start=1035.660000
pause=yes
volume=55.000000
