start=766.557000
audio-delay=-0.100000
fullscreen=yes
aid=1
vid=1
sid=1
