start=2510.383000
speed=2.000000
pause=yes
volume=105.000000
