start=56.313040
volume=75.000000
fullscreen=no
