start=6534.987000
volume=95.000000
