start=6329.733333
volume=150.000000
fullscreen=no
sub-delay=-0.100000
