start=3752.466667
speed=1.250000
pause=yes
volume=115.000000
