start=10.733333
volume=140.000000
