start=2365.080000
speed=2.000000
volume=75.000000
