start=635.480000
pause=yes
volume=76.000000
